0 5.551115e-17 0 -2.220446e-16 -0 -0 -0 1
0.1041284 -0.0015464820901672 0.019954997214097 -1.31061740041267 0.000662870212436206 0.000104759083573122 -0.000451828869801817 0.999999670479231
0.2082536 -0.00182148993839687 0.0469184869111995 -2.62521564128711 0.000930087260944602 0.00027614470092592 -0.000823431173684646 0.999999193142577
0.3125038 -0.00469744050734839 0.0651579379415921 -3.94169309457964 0.000268719446538488 0.000365151872811422 -0.00170682792749012 0.999998443691203
0.4166248 -0.00583876128160409 0.0891424883132206 -5.26094331243813 0.00040764335422768 0.000320959799160641 -0.00181780825185258 0.999998213883273
0.5207548 -0.00711470772315384 0.112295520112485 -6.58145963012338 0.000820898644350068 0.000256501391916472 -0.00196282477952052 0.999997707648744
0.6250036 -0.0101095737270575 0.137954535945846 -7.90842830689922 0.00134779658973634 0.0002047845882613 -0.00275231544628164 0.999995278756082
0.7291284 -0.0129839930339182 0.165975745355646 -9.23842023080163 0.00179229024012051 0.000294134275376321 -0.00259281650555698 0.999994990970781
0.8332524 -0.0160378276675906 0.169575340818666 -10.5693213869798 0.000934546757140561 0.000428072502431547 -0.00231584295181043 0.999996792742604
0.9375057 -0.0179173880524267 0.154153396647784 -11.9043725271394 -0.000391654834623282 0.00048042486846787 -0.00095021612988685 0.999999362887556
1.04163 -0.0118919400941227 0.153887329837971 -13.2423604974963 -0.000862726637000024 0.000310267754088286 0.000772062320057415 0.999999288356211
1.145875 -0.00655768524704895 0.172870718763927 -14.5807701420141 -0.000790093830984748 0.000263674986047522 0.00198149009195857 0.999997692421616
1.250003 -0.00137054571406605 0.203850100840469 -15.9308450824597 -0.000436943563165476 0.00019233859108171 0.00259499973666176 0.999996513056393
1.354255 0.00396573001347848 0.267000031936231 -17.2817745957163 0.000884552373452222 -1.30599577783109e-05 0.00149655907372039 0.999998502706438
1.458401 0.00451721702201563 0.328247044518788 -18.6335260456892 0.0019990546692704 -0.000127143840173863 -0.000449439637360746 0.99999788561659
1.562526 -0.00468205529635413 0.306532186089987 -19.9861719573867 0.000915730651156699 1.81301726402156e-05 -0.00181934102715039 0.999997926104752
1.666754 -0.00764655691724788 0.281330450172998 -21.3414275534611 -0.000276666347196874 0.000116726439077885 -0.00255960753180045 0.999996683234508
1.771007 0.0112285481821096 0.275269850422626 -22.7063651000579 -0.00103370409671019 -0.000211658376937939 -0.00142460820051989 0.999998419646742
1.875129 0.0373028504094452 0.328376110488707 -24.0723307728675 -0.000382992509332938 -0.000622739927773676 7.10041702695729e-05 0.999999735470099
1.979377 0.0584071816188441 0.506938063937383 -25.4462370806456 0.00271433396517755 -0.000969070771804426 0.000722950686871417 0.999995583125476
2.083502 0.0691597231073605 0.533642843290361 -26.8176963450703 0.00273203776700031 -0.00118605118396699 -0.000522207642526671 0.999995431541031
2.187759 0.0558241363670633 0.519263387448283 -28.1928632547848 0.00194134800823638 -0.00098084206439406 -0.00266761556352253 0.99999407792646
2.291881 0.0562093785130753 0.471521744305323 -29.5694763713995 0.000655650358100888 -0.000994395843082803 -0.00296597819110586 0.999994896759958
2.396132 0.0688877374851053 0.428509889430481 -30.9502032635323 -0.000491430243471832 -0.00119683643149159 -0.00308925024613238 0.999994382595816
2.500257 0.0970443022807207 0.439928982948599 -32.3358099048034 -0.000695131004062886 -0.00158564525114722 -0.00143323736656789 0.999997473349475
2.604383 0.112822820650283 0.394021953585496 -33.7192009093327 -0.00175146928878529 -0.00178323840285474 -0.000961428952084651 0.999996415564097
2.708628 0.113078482867417 0.403848133819678 -35.1125274185428 -0.00198245218498377 -0.00174820058598779 -0.00051419211358189 0.999996374277938
2.812757 0.112829298331141 0.513939063216605 -36.5086223686694 -0.000830439870586986 -0.00170408607549028 -0.000479564435860513 0.99999810147652
2.916881 0.0981907551100711 0.597590487917854 -37.9058023271247 -3.03680969946232e-05 -0.00149307069595451 -9.45238073680421e-05 0.999998885882329
3.021006 0.0979382746525163 0.609207337851068 -39.3016713759672 -0.000187613311570391 -0.00148157410530554 0.00125699267248979 0.999998102207093
3.125256 0.103674933289295 0.621395935801336 -40.7045894014462 -0.000276735081919696 -0.00155141065629222 0.0025253577419355 0.999995576601287
3.229379 0.107026718465063 0.669393221059247 -42.1108895384996 -1.95654207829735e-05 -0.00155560573843927 0.00360182350783176 0.999992306545906
3.333502 0.0965524164368706 0.704904204579314 -43.5183049729965 0.000120175010491136 -0.00142132497527473 0.00415436686737468 0.999990356582843
3.437629 0.0770013054959145 0.710211480990375 -44.9282731939085 -8.71486893748569e-05 -0.00120645460127182 0.00362977988023401 0.999992686543848
3.541754 0.0443811856778951 0.701905065324067 -46.3418361215325 -0.000400970225275714 -0.00086175933625961 0.00321279203043574 0.999994387045336
3.64588 -0.00210347035952051 0.757880938687339 -47.7571022156004 -3.18865011046926e-05 -0.000380903575853019 0.00290008512875531 0.99999571839274
3.750007 -0.0503996350806057 0.822679602535023 -49.178983589973 0.000395961670185744 0.000121788209845005 0.00300524856474775 0.999995396852429
3.854131 -0.103438797573426 0.858239771989592 -50.6012193708303 0.000524230078845908 0.000653655088969524 0.00332413202289785 0.999994123046851
3.958276 -0.163675739235005 0.860540033921633 -52.0275093658695 0.000332882088134871 0.00124085287693174 0.00331873406731763 0.999993672957961
4.062383 -0.223716153616115 0.948327169009874 -53.4549707603031 0.00097088626228898 0.00179750437114615 0.00343967075035653 0.999991994990911
4.166506 -0.267260696984023 1.02569899269537 -54.8812541047579 0.00145452426605579 0.0021977121392251 0.00274536934872849 0.999992754841295
4.270633 -0.304173737443398 1.04521620923205 -56.3130648751958 0.00141149815206436 0.00251712467922652 0.00199801699725064 0.999993829665108
4.374756 -0.341531706579619 1.04506529460957 -57.7421616492012 0.00119600809934844 0.00282826017343433 0.000856310116971911 0.999994924729246
4.478884 -0.349579001302208 1.09253704186764 -59.1697611955348 0.0014166842567904 0.00286565917898575 0.000183411014500303 0.999994872350413
4.583132 -0.326783263853138 1.1552912608153 -60.5986489886763 0.00173714989464113 0.00264967381699141 -0.000422850390099559 0.999994895223504
4.687259 -0.305524574855587 1.21976353731365 -62.0227068094063 0.00205340016839747 0.00245706066304323 -0.000934445946198673 0.99999443569592
4.791384 -0.278864862552192 1.22168558787165 -63.4472950955532 0.00183883407523402 0.00224091399694748 -0.00190040694608529 0.999993997929254
4.895505 -0.250820964939025 1.19251641809225 -64.8682583072833 0.00141577570840353 0.00200035901061522 -0.00265094774213547 0.99999347909767
4.99963 -0.2105855774602 1.18007898659634 -66.2865592499728 0.00113024743802592 0.0016768544306611 -0.00261214180129424 0.999994549900441
5.103758 -0.158623868906947 1.20756780385975 -67.7003009512277 0.00116027622181477 0.00127454931374628 -0.00174271521460692 0.999996992222247
5.207869 -0.122750674744401 1.32845096932203 -69.1114335146062 0.00182555534357819 0.00103379331815146 -0.000325956055915448 0.99999774236913
5.311998 -0.0681712438275483 1.44751150853956 -70.5236621726838 0.00247948817359226 0.00064771985358392 0.00150483337966915 0.999995580564061
5.416245 -0.0129867758860821 1.51460859998442 -71.9325337630919 0.0027545268345171 0.000273543790548336 0.00332924447475419 0.999990628843103
5.520244 0.035258732386456 1.51143223762586 -73.3330869187075 0.00255675342890437 -5.36861941509417e-05 0.0055759775725061 0.999981193427664
5.624505 0.0890080790207799 1.50010444672171 -74.7362556625496 0.00231349580017696 -0.000408725323247829 0.00710960163735921 0.999971958851314
5.728633 0.146204514704487 1.51062016838025 -76.1384937509674 0.00217850573585484 -0.000754675275577921 0.00818493082089888 0.999963840831086
5.832639 0.174902552975552 1.54784396900594 -77.5344165293129 0.00224393836215576 -0.000923172707209893 0.00832121534088573 0.999962444164303
5.936757 0.189506398839944 1.58703931429699 -78.928193369555 0.00232559018704029 -0.00100237244578015 0.00770354569862295 0.999967116722267
6.040889 0.18507980675937 1.53540497154603 -80.320096892322 0.00184923396988622 -0.000966544140568837 0.00712013375013007 0.999972486944412
6.145012 0.164954647591359 1.55159599709464 -81.7057547574063 0.00178598281646331 -0.000826578644595726 0.00674657896177755 0.999975297899633
6.24901 0.147111078522999 1.59933189932462 -83.0915408408547 0.00192145751390705 -0.000711243522748107 0.00676861663604786 0.999974987649097
6.353135 0.108760783794219 1.58188269386912 -84.4788090104156 0.00166184352808033 -0.000443407246518673 0.00654093717671757 0.999977132545849
6.45726 0.0547893379629128 1.6372085785585 -85.8601652570563 0.00184119074306385 -8.11569722082586e-05 0.00671770574801671 0.999975750566914
6.561386 -0.0124049241016466 1.72732968620849 -87.2434296760819 0.00219616026113547 0.000387066835872587 0.0065263503049126 0.999976221028769
6.665511 -0.102232040222993 1.8457451826307 -88.6203317915334 0.00272413585431639 0.000953887244920763 0.00546282448698254 0.999980926550718
6.769636 -0.19668842047553 1.93685778212629 -89.995958015403 0.00308130433105662 0.00155687679369943 0.00439063726205078 0.999984403881207
6.873636 -0.241525506753813 1.9776725313044 -91.3643074741911 0.0031647630800354 0.00186658859444658 0.00339576546906137 0.999987481320034
6.977759 -0.270802226147038 1.94183316389275 -92.7314850920452 0.0028260784044504 0.00210217994270309 0.00274896263619427 0.999990012274635
7.081885 -0.283222347348104 1.91882137313566 -94.0944688620599 0.00256723243690235 0.00223974629800076 0.00213537595697872 0.999991907990643
7.186013 -0.279273818809812 1.90946905691967 -95.4525113491934 0.00237566150410828 0.0023082604294689 0.00246526501803836 0.999991475598277
7.290011 -0.251933597360875 1.86910640153489 -96.8068929874229 0.00202991600943825 0.00224852187583579 0.00236474098517359 0.9999926190633
7.394135 -0.214773955879377 1.82863703552503 -98.1598183380585 0.00169190678484184 0.00212776051395446 0.00272743595677418 0.999992583652171
7.498256 -0.164577341183749 1.86734256522293 -99.5093229432924 0.00175561293473868 0.0019446855085431 0.00352704027202396 0.999990345961739
7.602386 -0.132514918604776 2.02827339033244 -100.851805500242 0.00244324560115872 0.00182281208823052 0.00376022076795339 0.999988281077984
7.706383 -0.103588430736157 2.21536907693271 -102.193536820847 0.0032221731926051 0.00174339189517303 0.00441136098180915 0.999983555443466
7.810511 -0.0841443367200074 2.10786023052818 -103.536790013308 0.00256789162410811 0.00171731623820304 0.00414677300920544 0.999986635942151
7.914632 -0.0599814150519007 1.85856971200694 -104.880603772399 0.00124672187974002 0.00167421288182329 0.00408489176967248 0.999989481299823
8.018763 -0.0577987123507872 1.75422938161597 -106.219018538166 0.000658757141270345 0.00169620691919195 0.00381555412253082 0.999991067928061
8.12276 -0.0246666193022445 1.92173616596387 -107.561128236066 0.00131295283130408 0.00162314493149139 0.00275034965487303 0.999994039614432
8.226883 0.0580165108177209 2.17818842220144 -108.897837419775 0.00237033892857948 0.00131666448716126 0.0015679394751846 0.99999510194194
8.331011 0.181763986893875 2.28304173818521 -110.234347226552 0.00270260595436914 0.000856866960895107 0.000778420121159761 0.999995680752904
8.435138 0.281269608373977 2.15217504270233 -111.569290714971 0.00198006946246556 0.000500762565338918 0.000337091642139958 0.999997852428653
8.539282 0.371100547422491 1.91073320480015 -112.902295423806 0.000778199924817406 0.000167881574511459 0.00129047103360343 0.999998863404579
8.643387 0.499823082064833 1.68252527713093 -114.229360795169 -0.000321938938625107 -0.000374871880621654 0.00226622057930497 0.999997307567028
8.747509 0.666659304611269 1.67893457445463 -115.560411226155 -0.000433616220001746 -0.00108229047380213 0.00378465938202163 0.999992154446764
8.851635 0.836388359226295 1.95287059296186 -116.888268719931 0.000654136318143252 -0.00179555046016102 0.00449959102846522 0.999988051713461
8.955763 0.964686633428012 2.26129063812838 -118.216515348994 0.00187417172342508 -0.0023251741448158 0.00454436947195464 0.999985217142524
9.059886 1.06305307495468 2.36352579485858 -119.547928744452 0.00222337361371029 -0.00271581517101052 0.00404503597039845 0.999985656038672
9.164012 1.19577112765477 2.30026809769933 -120.891578579615 0.00184839182585214 -0.00322657406435109 0.00429961487905474 0.999983835848264
9.268135 1.36625391614736 2.28445819949855 -122.254710357725 0.00161180442767862 -0.00384635714004028 0.00518146969307772 0.999977884750958
9.372259 1.52199669656863 2.27486766777201 -123.609496185647 0.00142605726957836 -0.0044161556970771 0.00619660334534997 0.999970040588682
9.476392 1.67896463610874 2.17710582337351 -124.969176603334 0.000890959867099595 -0.00497587399179795 0.00657330088605315 0.999965612991976
9.580513 1.82999840942524 2.13656974217304 -126.321932962191 0.000609257322475226 -0.00552135745217294 0.00711966007051569 0.99995921552447
9.68464 1.96914697545453 2.14339904112461 -127.675951911841 0.000473896716185448 -0.00597583668556188 0.00670050849404577 0.999959592168789
9.788784 2.08538226163563 2.27826270268555 -129.029598954478 0.000865805785877466 -0.00635966286047005 0.006438048600345 0.999958680745767
9.892888 2.21500559667657 2.51269776474378 -130.381320760731 0.00162381802014911 -0.00677931502260827 0.00595604791000523 0.999957966213122
9.99701 2.27323371010059 2.55071245610205 -131.728962756771 0.00165563033788855 -0.00693935764225282 0.00545756032201283 0.999959668427264
10.10114 2.28900839366336 2.6305626754002 -133.081842492395 0.00184329392961855 -0.00692838593020207 0.00441920086409106 0.999964544772525
10.20526 2.26715205627069 2.73779063264516 -134.432612149948 0.00210136104721904 -0.00676684849174491 0.00358571962822226 0.999968473661767
10.30939 2.21689392490925 2.72617569868944 -135.787735447398 0.00191522037377774 -0.00649724762996006 0.00283082730349047 0.999973053758105
10.41339 2.06480398559321 2.74531248556862 -137.136436601681 0.00187331414530272 -0.00587098596528743 0.00203536280314329 0.999978929293318
10.51751 1.93536700444535 2.91632919813188 -138.487308177711 0.00237575263165721 -0.00533593381208298 0.00140856592421307 0.999981949388895
10.62164 1.81095355439143 2.99063655056163 -139.838282531132 0.00252931659830685 -0.00482677920426935 0.000626247432969714 0.999984962461526
10.72576 1.64571139069186 3.01685840698194 -141.190829844589 0.00248385288779437 -0.00417701617051638 0.000253070719215275 0.999988156395676
10.82989 1.4821733782394 2.98446106559714 -142.543266355406 0.00225295544049671 -0.00355082717772218 0.000122638260448822 0.999991150738853
10.93402 1.34731335484949 2.94378703735565 -143.893739849252 0.00200292929163181 -0.00303071086208937 -6.70214697609325e-05 0.99999341105265
11.03814 1.22085151036887 2.71715355762346 -145.247790156667 0.00111402773001596 -0.00253842402781625 -0.000884299504619979 0.999995770851186
11.14227 1.07860544624561 2.53498015712529 -146.596088281491 0.000389082784207577 -0.0019751386795812 -0.00364857073494492 0.999991322835909
11.24639 0.941229483934985 2.98383885875008 -147.94201094127 0.00179421244279617 -0.00141410077108939 -0.00704549566978532 0.999972566734762
11.35052 0.749051166723435 3.15222205903901 -149.289379174288 0.00226463854892947 -0.000684737095255141 -0.0108645218796954 0.999938187803124
11.45464 0.5797760728428 2.82334960245533 -150.64237433737 0.00105576889559496 -7.98522575608269e-05 -0.0125256419053171 0.999920984146751
11.55878 0.612459628818806 2.24448055019329 -151.996027186648 -0.00094467001968053 -0.000178513101374349 -0.0125674280251473 0.999920557326583
11.66302 0.748994419307861 2.00713900500394 -153.344930816136 -0.00182920247587678 -0.000604700105966722 -0.0107955015504818 0.99993986869393
11.76716 0.873574011774752 2.03218066437019 -154.691410473135 -0.00182560978692057 -0.000981551202352271 -0.0106683573768759 0.999940938111671
11.87126 0.987457432261021 2.54360549977794 -156.032263735286 -0.000255441011153891 -0.00130166659758695 -0.0120309062685857 0.999926745024834
11.97539 1.08663050792867 3.07240977278372 -157.372569931532 0.00136540307939116 -0.00156122306822794 -0.0147555930831781 0.999888977065731
12.07964 1.09564119689363 3.20872666600207 -158.719251679637 0.00172106728105282 -0.00156455593000097 -0.0168332358066648 0.999855609342201
12.18377 1.08965706218995 3.29346098466709 -160.064726002871 0.00190542654839391 -0.00153743358644634 -0.0177311234825223 0.999839800079814
12.28789 1.21722200406424 3.38329097077791 -161.412883076923 0.00209165166377603 -0.00194670598958158 -0.0169539909430064 0.999852186595077
12.39202 1.40583876528342 3.35637312183829 -162.762252870855 0.00191685176666057 -0.00255087219346898 -0.0149853916150434 0.999882624881631
12.49626 1.54034976478837 2.99670167593384 -164.119273628178 0.000719567560979844 -0.00300599135267022 -0.0132708046782025 0.99990716517385
12.60039 1.65462782995485 2.88438962108997 -165.471822928116 0.000298781472003686 -0.00337891117976996 -0.0118514277964561 0.999924009458852
12.70452 1.7204776017626 3.13647335843191 -166.825376769192 0.00097267795757915 -0.00358349737970201 -0.0108477182821251 0.999934274794191
12.80864 1.67652962798053 3.13600719518957 -168.187358939404 0.000877935271253429 -0.00346869564471363 -0.0100284710266207 0.99994331304259
12.91279 1.58372911536748 2.75751549135888 -169.555528720253 -0.000326334799556173 -0.00321439572678334 -0.00906796527068611 0.999953669599064
13.01689 1.48681345380223 2.29269215107047 -170.923364322888 -0.00177691225251724 -0.00295362932883506 -0.00732282006402198 0.999967256928198
13.12114 1.42056600129857 2.08842363203534 -172.291037348886 -0.00242433106961362 -0.00285836402279283 -0.00487366936186124 0.999981099542305
13.22527 1.44816450069301 2.26208553259698 -173.657702196804 -0.00199805464732384 -0.00301338288127631 -0.00257761959631724 0.999990133129445
13.32939 1.53238250933058 2.72008786534839 -175.027142110751 -0.000755900340856719 -0.00328294418850984 -0.000916541316487583 0.999993898325357
13.43352 1.54466266926389 3.08919784179561 -176.4008081851 0.000232599345189051 -0.00334820197348495 -0.000738030597567889 0.999994090734357
13.53764 1.40557865764031 3.33086521837499 -177.774313828991 0.000902054424979111 -0.00295672080956017 -0.00216714518572335 0.999992872556178
13.64177 1.1024580981386 3.31496765192571 -179.152431034543 0.000828652039838586 -0.00211885950083528 -0.00344467351432852 0.999991470457926
13.74591 0.724463776329894 2.59573455496601 -180.54777175751 -0.00122293554315264 -0.00108061115343234 -0.00365599977690187 0.999991982841612
13.85002 0.443267148384697 1.79532193840662 -181.938033540073 -0.00347500337767767 -0.000327277715885505 -0.00312575079568431 0.999989021862458
13.95415 0.330457481632971 1.64516506008524 -183.328400301563 -0.00393441518090474 -3.52295961776062e-05 -0.000736149677663131 0.999992002188166
14.0584 0.304471034352199 1.91899529340314 -184.720212401603 -0.00323820610734021 2.07291196151887e-05 0.00129669070157181 0.999993932166717
14.16252 0.346794818113525 2.50527491024571 -186.108927622214 -0.00170254044006313 -0.000120376505338549 0.0021515698885708 0.999996232605522
14.26664 0.415905351624843 2.93572672854926 -187.50231402988 -0.000614917901383702 -0.000327210394795279 0.00254532190519539 0.999996523639766
14.37077 0.43355095841576 3.11709682639719 -188.901338812374 -0.000207779607366319 -0.000367006165331554 0.00222429069900707 0.99999743716171
14.47489 0.425856847513893 3.29229306986728 -190.303365672434 0.000182214892957609 -0.00033750577870988 0.00147706851680576 0.999998846155562
14.57901 0.428917657575641 3.40413222574093 -191.709893730341 0.000400257733509351 -0.000331578023469807 0.000183495451823216 0.999999846179167
14.68314 0.509402320126062 3.4364808888867 -193.118160979721 0.000404539093083712 -0.000520229723348783 -0.00114818354471402 0.99999913488337
14.78729 0.583722177597681 3.65595875787331 -194.532928743223 0.000884553890939095 -0.000687122078284024 -0.00264656489360602 0.99999586611331
14.89139 0.679541709032169 4.03975408156335 -195.945140962442 0.00178597516414488 -0.000894168347386998 -0.00468276773562077 0.999987044858289
14.99552 0.742142004651429 4.08935919612348 -197.366381637302 0.00180223654703754 -0.00101023711863049 -0.00640075989332272 0.999977386382019
15.09964 0.779922319244384 3.29094442729703 -198.80196362815 -0.000308120852434425 -0.00111500946923343 -0.00547216573428586 0.999984367095945
15.20379 0.866607812684623 2.22195337548374 -200.240335017593 -0.00311336449429661 -0.00134602952218386 -0.00220658906901708 0.999991813597241
15.30802 1.10141727166895 2.16213047015543 -201.673609705237 -0.00336315471014009 -0.00194180411817046 0.00246233539519684 0.999989442936483
15.41214 1.38540018447184 3.06081832112785 -203.098432967501 -0.00124614597656521 -0.00265984481982718 0.00659250181118344 0.999973960927179
15.51627 1.54503582021041 3.57499718915967 -204.527060191809 -4.70233405203121e-05 -0.00304505662298844 0.00733083330979573 0.999968483804328
15.62039 1.44744003868961 3.58655073577977 -205.965914316305 -7.00775638971408e-05 -0.00277876247796335 0.00631309739597416 0.999976193084606
15.72452 1.22001646267517 3.61719100127494 -207.415197511997 -4.56537187878441e-05 -0.00219538373698055 0.00476763241451512 0.999986222792182
15.82864 0.998701730312932 3.62060137930922 -208.866319829126 -8.38222310009391e-05 -0.00163298654287302 0.0035282445600856 0.999992427790104
15.93265 0.894950767753166 3.45920887877491 -210.325224214485 -0.000522388658308572 -0.00137513294630794 0.00370991503159727 0.999992035118171
16.03677 0.875847303050084 3.52242403694118 -211.78655913756 -0.000453154594376015 -0.00132195677802703 0.00443243312327467 0.999989200559498
16.1409 0.853622749895047 3.76355985318293 -213.243500686509 3.67786395826575e-05 -0.00126207989346246 0.00505815120739785 0.999986408315559
16.24502 0.812882064231396 3.77022429763807 -214.713096834772 -3.12435522215691e-05 -0.00114398097040993 0.00476411988878075 0.99998799342083
16.34914 0.732538751937526 3.49843033581193 -216.19072069079 -0.000732039871901457 -0.000944393227938469 0.00455410927733901 0.999988919766524
16.45327 0.69408396698474 3.50185285599563 -217.666335972135 -0.000780145841095349 -0.000847106221185915 0.00417898632384876 0.999990609812919
16.55739 0.601005203330165 3.6053839453196 -219.145843591509 -0.00060786524527509 -0.000623016394708389 0.00435511920382551 0.99999013773851
16.66152 0.533415554765697 3.5147287547296 -220.625328986998 -0.000881364116793748 -0.000450818210369676 0.00437146472827797 0.999989960206171
16.76565 0.494640526978239 3.48531737351783 -222.112538566773 -0.00101674193287395 -0.000351333480062204 0.00439679086583856 0.999989760978517
16.86965 0.418484387845424 3.52404793015257 -223.596649773464 -0.000987440830262465 -0.000178903854283349 0.00494623751639983 0.999987265107429
16.97377 0.344879677039248 3.45823407732228 -225.087759011519 -0.00119001462307426 -7.20399726034895e-06 0.00476768508441153 0.99998792791944
17.07789 0.284569104795674 3.50692962797621 -226.577708158474 -0.00113309877220216 0.000124541101119606 0.00501926654356934 0.999986757452568
17.18203 0.262845352706445 3.56543946023319 -228.068419701805 -0.00106462938629508 0.000177706292312397 0.00454754245419431 0.999989079782851
17.28614 0.29252288444543 3.44279782808352 -229.56157938525 -0.00138289796639389 0.000123422742992862 0.00392036592343034 0.999991353053736
17.39027 0.332278261158859 3.54338555367942 -231.054657747648 -0.00120760190272505 4.04527163539484e-05 0.00335454250815753 0.999993637085376
17.4944 0.381669623947937 3.73950228729355 -232.548606965535 -0.00083301251837459 -5.85553871721929e-05 0.00256012177645905 0.999996373431313
17.59842 0.379325135397662 3.86732010767323 -234.042697422558 -0.000615645774395539 -5.39685274618632e-05 0.00248089215778687 0.999996738236547
17.70252 0.360627670693065 3.86096068725761 -235.544582965305 -0.000694862635978278 -1.19653378907998e-05 0.00266898962487693 0.999996193509836
17.80664 0.412737576056643 3.60044919380002 -237.054766461964 -0.00131229435815975 -0.000122128011517296 0.00301394982532877 0.999994591560135
17.91065 0.536837945991015 3.82002676581954 -238.556932862841 -0.000915176783949958 -0.000387356965554233 0.00365005230972917 0.999992839498385
18.01477 0.690449315368341 4.43223546000376 -240.056946103126 0.000297342497568723 -0.000709691614455767 0.00380776828236703 0.999992458797658
18.1189 0.816070538107961 4.55615317672235 -241.565697637405 0.000489814481009907 -0.00096568881010404 0.00367309160379451 0.999992660897829
18.22302 0.934423655352237 4.20297398568872 -243.088339342506 -0.000306806778486509 -0.0012032926225456 0.00379784712079793 0.999992021782035
18.32702 1.07186830391121 3.89920121565433 -244.608040838251 -0.000989204655790343 -0.00147895219120486 0.00378106608528232 0.999991275175985
18.43115 1.14491873098713 4.03634767217683 -246.12704229086 -0.000761569510620079 -0.00163350771839139 0.00429591509708932 0.999989146718926
18.53536 1.16129931919599 4.2937528092512 -247.647692712807 -0.00029170262922043 -0.00166461750244201 0.00405039743762382 0.999990363192083
18.63942 1.08471393988294 4.50312347192066 -249.165303749636 7.8182369335077e-05 -0.00151097663524977 0.0040899736885856 0.999990495407334
18.74348 1.02814802296189 4.61494931035493 -250.692237096687 0.000243235968512819 -0.00139803829448739 0.00425329547798174 0.999989945752139
18.84754 1.03270838563929 4.66511375005368 -252.219448978912 0.000291115720261922 -0.00141833359975593 0.00498621464603868 0.999986516153798
18.95165 1.08098693948545 4.69918919735198 -253.751978594399 0.000306499167130189 -0.00152048014092441 0.00547615874671238 0.999983805752846
19.05565 1.05044592826529 4.72933786383354 -255.283479010604 0.000318792732801848 -0.00146415159997833 0.00577635546935959 0.999982200690845
19.15965 1.05991147163232 4.83732744569495 -256.816424100669 0.000477656070710179 -0.00146988981616491 0.00498722233294383 0.999986376289584
19.26377 1.0404956342103 5.09754910299415 -258.350206889327 0.000929113475350824 -0.00142088912293594 0.00423828186355634 0.999989592235556
19.36787 1.06706376002893 5.38848978724905 -259.883849071045 0.00143694596197377 -0.00145175605176498 0.00282661788733261 0.999993912803313
19.47178 0.990335534484291 5.21238618151402 -261.423148416135 0.00104697891553769 -0.00129283202628458 0.00205702820178248 0.999996501049365
19.5759 0.921883788987998 4.86715522337381 -262.968409401686 0.000339956572105502 -0.00115325702560024 0.00144413028649498 0.999998231413892
19.67991 1.08307043419364 5.37381538759626 -264.496731573998 0.00124271790211336 -0.00144125028586681 0.000469574582664865 0.999998082947734
19.78402 1.211310815174 6.08131631709657 -266.027507411602 0.00250566433063712 -0.00166473327793917 -5.75359601781404e-05 0.99999547198871
19.88807 1.25858150317158 5.85840784267588 -267.574045049789 0.00200245409709554 -0.00173177550258334 -0.00102958891323141 0.99999596856979
19.99213 1.34280986875355 5.48621707562626 -269.12186479692 0.00123350595116875 -0.00187723577410045 -0.00145203473974097 0.999996433537822
20.09615 1.51712147087296 5.51015895849924 -270.660687308328 0.00119311225794854 -0.00219915784829834 -0.000966395198846495 0.999996393761581
20.20015 1.80985163129094 5.66004199176992 -272.198042442495 0.00138485455486545 -0.00274023197020818 -0.000229272485204426 0.999995258229456
20.30427 2.07015667590447 5.59644585081271 -273.744804528904 0.0011775939204766 -0.00321939060316251 0.000620261526828912 0.999993939054144
20.40827 2.33552428141834 5.61597178163318 -275.285368003584 0.00113536007848895 -0.00369997015016232 0.00121650549520618 0.99999176625872
20.51231 2.5619021104426 5.57378394547118 -276.831585954407 0.000956064664623496 -0.0040950906462682 0.00159529587645523 0.999989883652775
20.6164 2.80064503771615 5.45277086723514 -278.37427901789 0.000654674342388098 -0.00451370481997444 0.00177309749005441 0.999988028924037
20.72042 3.06631224550173 5.37683755591358 -279.923911791184 0.000424449311937395 -0.00496713792934192 0.00150329190732218 0.99998644990555
20.82452 3.30950470826378 5.4608201611834 -281.471039315838 0.000505228707388834 -0.00538674270919117 0.00120878130988486 0.999984628976291
20.92869 3.52875605273404 5.86957819878253 -283.015028124976 0.00116005807845811 -0.00576001343649106 0.000752002677835851 0.999982448347917
21.03278 3.63591759793244 6.02041992054907 -284.561982917174 0.00136788287157673 -0.00593225503183596 4.30903592426681e-05 0.999981472718663
21.13678 3.66060211425873 5.3844256586645 -286.120098607346 0.00018863729548571 -0.00596356155421532 -0.000288032946442158 0.999982167228198
21.24088 3.56663128330412 4.68258371161787 -287.688895222447 -0.00109628833356626 -0.00578546202937499 -0.00075250327075314 0.999982385165046
21.34492 3.32617144214729 4.63197268198668 -289.247041919756 -0.00124643681669225 -0.00536408205414056 -0.000592601565001545 0.999984646723639
21.4489 3.13245571760271 4.8562502882998 -290.802912969695 -0.000910498441500115 -0.00500948482755199 -0.00139627471276882 0.99998606387421
21.5529 2.83906071446761 4.70970419796671 -292.367874365756 -0.00121607384944537 -0.00450235137690932 -0.00134638488709139 0.999988224675167
21.65702 2.6771050047583 4.66509023454018 -293.933204494931 -0.00135067427588341 -0.00422202437447296 -0.00121173255734594 0.999989444337826
21.76102 2.4733699851438 4.85101602298659 -295.50180728275 -0.00109638738106829 -0.0038675107236306 -0.00119099446213153 0.99999120928901
21.86503 2.22828255806166 4.97924665725096 -297.073968199352 -0.000942557215927996 -0.0034422979401528 -0.00141306119316712 0.999992640401996
21.96915 1.92288839738327 5.23895255958481 -298.650101617558 -0.000553566539042521 -0.00292474637752288 -0.00173504805887245 0.999994066513392
22.07317 1.74933938825446 5.74232943241222 -300.229058198609 0.000230580118572383 -0.00264597229087875 -0.000941767751762526 0.99999603372915
22.17715 1.93943283603994 5.94918641179711 -301.808930449897 0.000517767978697319 -0.00296194142962598 -0.000677537243556609 0.999995262251584
22.28115 2.23275608319197 5.82712630110823 -303.401913827085 0.000253791169416751 -0.00344755397969023 -0.000389995223270737 0.999993960347364
22.38527 2.35576291049816 5.71895873894586 -305.000165072996 2.72025478920984e-05 -0.00363824813302769 -0.00103299391985091 0.999992857808891
22.48927 2.4172822512202 5.48374605498248 -306.603792087666 -0.000410993467164173 -0.00372578729075066 -0.00189370166651752 0.999991175948297
22.59328 2.51902193532629 4.91774560796922 -308.216210378204 -0.00138062599444781 -0.00387542250172972 -0.00271972223521629 0.999987828008648
22.69742 2.52842597927425 4.65244985134975 -309.828351118833 -0.00187390000943075 -0.0038764537358988 -0.00285096504952911 0.999986671014873
22.8014 1.87394713630631 4.40778048755941 -311.451472259888 -0.00232816059925074 -0.00281621974402276 -0.00258012987626449 0.999990003954769
22.9054 1.21061016484394 4.577836904167 -313.064446784147 -0.00211969053771076 -0.00174386377041565 -0.00211436750559787 0.999994007783516
23.0094 1.09096135058588 5.60960335553126 -314.672617558496 -0.000541735379532718 -0.0015413947138491 -0.00124322184215071 0.999997885022266
23.11349 1.26638003872743 6.6839634036189 -316.278892307868 0.00109998828974073 -0.00179404049640956 -0.001856514490046 0.999996049790408
23.21742 1.3469717783836 6.99632066373803 -317.901513833302 0.00152141478607615 -0.00189875621519953 -0.00238067224823477 0.999994199904564
23.3214 1.44814890354634 6.6159271750097 -319.538368351151 0.000864308777290812 -0.00203888205796672 -0.00309566948318901 0.999992762734738
23.4254 1.56750383178373 6.66748029582123 -321.16734241998 0.00088183733996878 -0.0022091703906141 -0.00348051369348295 0.999991115414105
23.52955 1.63564034551112 6.84201512049397 -322.795720448835 0.00109127942740441 -0.00230839649955797 -0.00341810234458811 0.999990896949687
23.63355 1.80062463490498 6.82112055075695 -324.421972872475 0.000990123231329057 -0.00255284284036545 -0.00348558400772052 0.999990178305377
23.73753 1.95364541618457 6.66827010538631 -326.053580068251 0.000689817747739529 -0.00279320751142688 -0.00276402452884307 0.999992044780151
23.84166 2.17445341720649 6.46732632576771 -327.686541433672 0.000311084762655378 -0.00312817276092095 -0.00236900212308155 0.999992255560488
23.94565 2.46340992452981 7.09328872299236 -329.298969349049 0.00120754467177542 -0.00355159671104456 -0.00292935116600387 0.99998867183418
24.04965 2.51586416144537 7.49991126527518 -330.917031468428 0.00176248157062397 -0.00361803042549084 -0.00337705935031172 0.999986198889434
24.15367 2.42273971434684 7.04788165860671 -332.546948760008 0.00103072594773199 -0.00346546400664417 -0.00399075537449313 0.999985501929742
24.25778 2.42713231470084 7.12876731535708 -334.165998120218 0.00108352510045748 -0.00347129767374377 -0.00358819544499331 0.999986938333334
24.36178 2.3811509128421 6.71927109805484 -335.788696770028 0.000408455816129192 -0.00341766529799328 -0.00239234228338934 0.999991216887663
24.46578 2.12993808600182 5.30947755514183 -337.423671567782 -0.00174733529374595 -0.00305154315277309 -0.00179132563471886 0.999992201025444
24.56978 1.83146181751883 5.72938344101291 -339.030673696034 -0.00118121297668235 -0.00261589062855118 -0.00100018638735435 0.999995386468777
24.6739 1.5385970480339 6.93287040563057 -340.618062294931 0.000532298503568966 -0.0021815366621267 -0.00072999156198712 0.999997224664701
24.7779 1.17069757098537 8.07773654213143 -342.21254580629 0.00215657524583749 -0.00165001611769089 -0.000137774160819088 0.999996307641541
24.88203 0.754417044726549 7.6798738366915 -343.83010683973 0.00152813334457641 -0.00104569152545145 0.000104718977799529 0.999998272870109
24.98602 0.132099822823719 7.00421498818572 -345.445529746594 0.000508714812801523 -0.000135941266782131 -0.000221986202404493 0.999999823451313
25.09017 -0.518762803375419 7.57434945492787 -347.036601682838 0.00129140679609278 0.000811972879294526 -0.000720878752600518 0.999998565801264
25.19415 -0.854024345005492 7.91225475836684 -348.628808764637 0.00172504434117173 0.00131010387600729 -0.00153356866506666 0.999996481010855
25.29828 -1.0038489848232 7.61282030102043 -350.233826866279 0.00124765844713991 0.00152667363575078 -0.00167290412767214 0.999996664002318
25.4024 -1.06980248516098 7.33640753481106 -351.834881880705 0.000797671419005364 0.00163524023401159 -0.00200444708509018 0.999996334394826
25.50653 -1.07145840435742 7.39202021202277 -353.433008340731 0.000826309627681902 0.00164546672829062 -0.00203704146044836 0.999996235106723
25.61054 -1.04985818935929 7.37055483106494 -355.025806327958 0.000739035116549 0.00162997637369399 -0.00228417638248899 0.999995792033556
25.71465 -1.05134811217349 7.19766808595047 -356.623039941388 0.00043826687326037 0.0016456644727088 -0.00260864863805369 0.999995144651035
25.81865 -1.08929420314016 7.00162803923729 -358.218604916709 0.000107734275567451 0.00170871998227764 -0.00270106680358719 0.99999488539437
25.92278 -1.05248722699641 7.16756720032062 -359.806877400755 0.000286358057233019 0.00167205392663702 -0.00294914831753432 0.999994212242179
26.02698 -1.02201103095036 6.84278045436922 -361.405207885772 -0.00021529009882236 0.00163548359736923 -0.00273403395427685 0.999994903888968
26.1309 -0.984182274468304 6.4370964553592 -362.998766076279 -0.000826312624590756 0.00160259586322969 -0.00349419820600057 0.999992264442761
26.23505 -0.923966023356078 7.01391437867268 -364.586692841601 -8.51159684439918e-05 0.00154245603473797 -0.00417184409026666 0.99999010925281
26.33915 -0.947435029986735 7.47676005864824 -366.175348885858 0.000492098420608714 0.00160540133282793 -0.00500445461724871 0.999986060862148
26.44329 -0.919908086073532 7.25600971935572 -367.777850614919 0.000142950669155261 0.0015808217376302 -0.00527911260606002 0.999984798921887
26.5478 -0.777438346663692 6.97308092310247 -369.389953924391 -0.000295082024179035 0.00139444900839504 -0.00472189559397806 0.999987847067254
26.65141 -0.597543528466075 7.47258759809768 -370.969971234593 0.000331611437365499 0.0011525110685795 -0.00371788369784214 0.999992376564057
26.75793 -0.403240006141901 7.62693592810971 -372.608090795282 0.000479781233770074 0.000901306165954242 -0.00305050654210759 0.999994826853638
26.86258 -0.256168212875057 7.57209009777182 -374.220014146565 0.000354372760578074 0.000716654405985101 -0.00284948429848908 0.99999562875623
26.96366 -0.155952637180928 7.31136383114403 -375.781806821943 -4.42939616482104e-05 0.00060011644815822 -0.00293970246707212 0.99999549603752
27.06782 -0.042336799681731 7.25258593785512 -377.389846125004 -0.000167095481004781 0.000459413316093773 -0.00285891057934844 0.999995800140092
27.17192 0.0465582630169701 7.26644153685632 -378.995859635982 -0.00019410620595859 0.000346982136963877 -0.00266785720291856 0.999996361957501
27.27606 0.163937483325127 7.34480155333258 -380.609179992986 -0.000134894772836441 0.000190961121626276 -0.00209163161814868 0.999997782911946
27.38014 0.288200077697354 7.65697028369246 -382.216794421237 0.00022597781976257 2.81031579392757e-05 -0.00144568956586471 0.999998933125365
27.4847 0.390218867889147 7.45900006267863 -383.84194681105 -8.13908286167967e-05 -0.000105655312148124 -0.00086926130562994 0.999999601597173
27.58841 0.495841234633248 7.27008470070927 -385.456552763013 -0.00037394162894634 -0.000240484850771022 -0.000437281717318663 0.999999811119381
27.69253 0.62447134597367 7.34410101712077 -387.072297283884 -0.00032628070811185 -0.000403668640965387 -6.41078565058389e-05 0.999999851482693
27.79654 0.720178551503055 7.7357839542699 -388.68310203172 0.00013327924353993 -0.00053038517326729 0.000558342432400423 0.999999701681904
27.90067 0.869485524981402 8.04989005553144 -390.297303517976 0.000492089373090442 -0.000725646734496055 0.00112097738464779 0.999998987194055
28.00523 1.02207689613849 7.82244250312144 -391.932201694406 0.000158564085304612 -0.000919550114586329 0.00145183140447669 0.999998508969468
28.10894 1.12385138592672 7.91544252971993 -393.55277570545 0.000230759633828725 -0.00104553498906655 0.00146296993339736 0.999998363324257
